{"cells":[{"cell_type":"markdown","metadata":{"id":"DB8NaI_oo3o5"},"source":["##**BT thực hành 2.2.2: Eigenvalues và eigenvectors của ma trận đối xứng**\n","\n","\n","> Cập nhật: **07/2023**\n","\n"]},{"cell_type":"code","execution_count":1,"metadata":{"id":"QlYHj2vyo3os","executionInfo":{"status":"ok","timestamp":1688521251370,"user_tz":-420,"elapsed":7,"user":{"displayName":"Nguyễn An Tế - Khoa CNTTKD","userId":"03515761134611870843"}}},"outputs":[],"source":["import numpy      as np\n","import warnings\n","warnings.filterwarnings('ignore')\n","\n","from numpy.linalg import eig, inv\n","from numpy        import diag"]},{"cell_type":"code","execution_count":2,"metadata":{"colab":{"base_uri":"https://localhost:8080/"},"id":"7vPSn7Cqo3o9","executionInfo":{"status":"ok","timestamp":1688521256299,"user_tz":-420,"elapsed":389,"user":{"displayName":"Nguyễn An Tế - Khoa CNTTKD","userId":"03515761134611870843"}},"outputId":"bdd8c826-8f39-41e5-a916-ff04d3e683d8"},"outputs":[{"output_type":"stream","name":"stdout","text":["Ma trận A (5, 5) :\n"," [[ 4  3  5  6  2]\n"," [ 6  1  4  3 10]\n"," [ 4  4  2  6  7]\n"," [ 1  9 10  6  8]\n"," [ 7  8  2  9  5]]\n"]}],"source":["## Tạo ma trận A(5 x 5) chứa các giá trị ngẫu nhiên trong khoảng 1 - 10\n","m, n, min, max = 5, 5, 1, 10\n","A = np.random.randint(min, max + 1, (m, n))\n","print('Ma trận A', A.shape, ':\\n', A)"]},{"cell_type":"code","execution_count":3,"metadata":{"colab":{"base_uri":"https://localhost:8080/"},"id":"y2HvtZS2o3pA","executionInfo":{"status":"ok","timestamp":1688521264942,"user_tz":-420,"elapsed":364,"user":{"displayName":"Nguyễn An Tế - Khoa CNTTKD","userId":"03515761134611870843"}},"outputId":"40685bbd-545a-4d85-9a4e-3f48902f6fd8"},"outputs":[{"output_type":"execute_result","data":{"text/plain":["array([[ 90,  85,  88, 133, 126],\n","       [ 85, 162, 124, 153, 135],\n","       [ 88, 124, 121, 152, 153],\n","       [133, 153, 152, 282, 193],\n","       [126, 135, 153, 193, 223]])"]},"metadata":{},"execution_count":3}],"source":["## Tạo ma trận đối xứng  B = A @ A.T\n","B = A @ A.T\n","B"]},{"cell_type":"code","execution_count":4,"metadata":{"id":"9mowchl3o3pC","executionInfo":{"status":"ok","timestamp":1688521278644,"user_tz":-420,"elapsed":359,"user":{"displayName":"Nguyễn An Tế - Khoa CNTTKD","userId":"03515761134611870843"}}},"outputs":[],"source":["## Tìm eigenvalues và eigenvectors của B\n","values, vectors = eig(B)"]},{"cell_type":"code","execution_count":5,"metadata":{"id":"o8sUUjgxo3pD","colab":{"base_uri":"https://localhost:8080/"},"executionInfo":{"status":"ok","timestamp":1688521293152,"user_tz":-420,"elapsed":370,"user":{"displayName":"Nguyễn An Tế - Khoa CNTTKD","userId":"03515761134611870843"}},"outputId":"a7851478-3535-4a64-c7f0-112e7d76d263"},"outputs":[{"output_type":"stream","name":"stdout","text":["Eigenvalue[0] = (741.093766, 0.000000)\n","Eigenvalue[1] = (13.128717, 0.000000)\n","Eigenvalue[2] = (1.913533, 0.000000)\n","Eigenvalue[3] = (57.151172, 0.000000)\n","Eigenvalue[4] = (64.712812, 0.000000)\n","\n","Eigenvectors (5, 5) :\n"," [[-0.32012874 -0.88244884  0.23239633 -0.24902937 -0.05270634]\n"," [-0.400098   -0.16283983 -0.30469068  0.70786155  0.46850869]\n"," [-0.39091012  0.3330305   0.81141485  0.02072173  0.2783101 ]\n"," [-0.56983209  0.17563583 -0.08598839  0.1937754  -0.7742742 ]\n"," [-0.50982334  0.23023897 -0.43285964 -0.63161547  0.31743442]]\n"]}],"source":["## Hiển thị kết quả: Trị riêng lambda(r: số thực, i: số phức)\n","for j in range(len(values)):\n","    eigenvalue = values[j]\n","\n","    r = values[j].real\n","    i = values[j].imag\n","    print('Eigenvalue[%1d]' %j, '= (%f,' %r, '%f)' %i)\n","\n","print('\\nEigenvectors', vectors.shape, ':\\n', vectors)"]},{"cell_type":"markdown","source":["---\n","### **Nhận xét:**\n","- Ma trận ĐỐI XỨNG có các giá trị riêng đều là SỐ THỰC !\n","---"],"metadata":{"id":"wXtR5GhMrzBG"}},{"cell_type":"code","source":["## Tái tạo B từ các eigenvectors và eigenvalues: B = Q @ Lambda @ Q_1\n","from numpy.linalg import inv\n","Q = vectors\n","Lambda = diag(values)\n","\n","print('Tái tạo ma trận B:\\n', np.rint(Q @ Lambda @ inv(Q)).astype(int))"],"metadata":{"colab":{"base_uri":"https://localhost:8080/"},"id":"6Vwlr5NAvxn6","executionInfo":{"status":"ok","timestamp":1688521342677,"user_tz":-420,"elapsed":328,"user":{"displayName":"Nguyễn An Tế - Khoa CNTTKD","userId":"03515761134611870843"}},"outputId":"dbecf5cf-134b-4260-b606-a5df2f4d5f18"},"execution_count":6,"outputs":[{"output_type":"stream","name":"stdout","text":["Tái tạo ma trận B:\n"," [[ 90  85  88 133 126]\n"," [ 85 162 124 153 135]\n"," [ 88 124 121 152 153]\n"," [133 153 152 282 193]\n"," [126 135 153 193 223]]\n"]}]}],"metadata":{"kernelspec":{"display_name":"Python 3","language":"python","name":"python3"},"language_info":{"codemirror_mode":{"name":"ipython","version":3},"file_extension":".py","mimetype":"text/x-python","name":"python","nbconvert_exporter":"python","pygments_lexer":"ipython3","version":"3.9.2"},"colab":{"provenance":[]}},"nbformat":4,"nbformat_minor":0}